0.158530 0.486901
0.792202 0.762825
0.738013 0.827616
0.615232 0.064454
0.107092 0.863317
0.395908 0.043916
0.848473 0.112317
0.095420 0.786050
0.684045 0.631946
0.771410 0.386939
0.997176 0.122313
0.758012 0.929986
0.762533 0.084336
0.533326 0.509709
0.636874 0.972299
0.950162 0.341602
0.441805 0.922723
0.374015 0.653670
0.778271 0.564235
0.671664 0.493681
0.052601 0.617204
0.924451 0.805943
0.765215 0.477260
0.202208 0.132361
0.515627 0.743434
0.726965 0.074768
0.811187 0.699469
0.279975 0.219012
0.432028 0.086015
0.761284 0.565975
0.800981 0.111699
0.397958 0.640721
0.534756 0.542728
0.215252 0.358151
0.111487 0.883491
0.034437 0.412054
0.379750 0.114754
0.441644 0.424156
0.455495 0.191372
0.883997 0.340742
0.405828 0.518063
0.292495 0.596652
0.002402 0.919627
0.405497 0.379956
0.742196 0.201104
0.272321 0.925283
0.279752 0.253704
0.253414 0.139821
0.392490 0.803965
0.201671 0.023183
0.609499 0.326418
0.408944 0.280827
0.674240 0.344163
0.332389 0.250458
0.082906 0.327106
0.077279 0.761790
0.042681 0.664200
0.106006 0.832295
0.327990 0.733889
0.667471 0.165028
0.677804 0.926069
0.996673 0.259360
0.573410 0.579200
0.421273 0.571400
0.463559 0.187845
0.130020 0.568147
0.762709 0.908728
0.507383 0.707865
0.238117 0.347525
0.619375 0.348913
0.722820 0.843946
0.647478 0.340225
0.444092 0.989274
0.810728 0.578885
0.640736 0.908365
0.590462 0.133695
0.557636 0.917234
0.877854 0.628368
0.352251 0.527682
0.001319 0.453968
0.925306 0.412045
0.459003 0.037425
0.196685 0.863969
0.580991 0.831431
0.887617 0.495244
0.276560 0.910786
0.441488 0.394066
0.483670 0.061173
0.318183 0.736693
0.931086 0.028636
0.530642 0.892334
0.347933 0.161464
0.957348 0.390190
0.311134 0.020936
0.660756 0.727921
0.508105 0.663342
0.169222 0.892430
0.310263 0.202943
0.438764 0.636692
0.202267 0.953977
0.001028 0.010452
0.792647 0.919583
0.625142 0.377996
0.843316 0.646461
0.673651 0.172755
0.998684 0.496322
0.216530 0.936410
0.669476 0.198679
0.882317 0.769212
0.832015 0.144204
0.371683 0.178623
0.340678 0.253929
0.536296 0.454963
0.719356 0.416711
0.934651 0.125615
0.297199 0.425933
0.816531 0.743421
0.984556 0.066090
0.559095 0.250287
0.946981 0.500900
0.680112 0.423567
0.928276 0.396820
0.687639 0.460705
0.998031 0.279303
0.190495 0.586672
0.054709 0.463863
0.890175 0.679098
0.502306 0.530019
0.302363 0.297621
0.136731 0.713357
0.315023 0.176785
0.427488 0.779494
0.980058 0.195976
0.060907 0.913408
0.256845 0.075174
0.823067 0.908579
0.778461 0.561954
0.643746 0.472647
0.095232 0.672994
0.897120 0.779711
0.265256 0.632452
0.860611 0.494189
0.107860 0.509922
0.570205 0.367073
0.913461 0.202306
0.178699 0.162670
0.912127 0.326746
0.322781 0.112412
0.343141 0.795911
0.935493 0.311998
0.539173 0.332238
0.402538 0.479154
0.041215 0.944375
0.954082 0.271498
0.394194 0.436878
0.708067 0.927478
0.938254 0.353360
0.836779 0.338086
0.606951 0.363600
0.915267 0.783010
0.471178 0.996764
0.628420 0.472139
0.526387 0.795699
0.662892 0.721783
0.010765 0.421401
0.790754 0.064718
0.363251 0.972075
0.863644 0.844133
0.782871 0.797839
0.679353 0.873790
0.234636 0.389950
0.457232 0.560170
0.662267 0.502543
0.964410 0.477123
0.114350 0.525231
0.171784 0.759501
0.468006 0.266493
0.686868 0.839491
0.443002 0.730667
0.110027 0.987837
0.639220 0.175419
0.891262 0.841859
0.401735 0.721955
0.226649 0.603167
0.420256 0.056816
0.026689 0.870194
0.103494 0.311955
0.013231 0.134128
0.934057 0.038903
0.557314 0.811575
0.205745 0.303174
0.957174 0.313252
0.772693 0.316665
0.473819 0.055229
0.698545 0.698661
0.591020 0.507727
0.983948 0.410146
0.647187 0.346188
0.871874 0.641488
0.198560 0.520342
0.582875 0.450152
0.216251 0.589182
0.716133 0.742960
0.494164 0.983262
0.967214 0.276507
0.450395 0.950460
0.259720 0.709708
0.841712 0.817298
0.865592 0.384030
0.778819 0.855174
0.597572 0.429842
0.829547 0.479316
0.697401 0.001391
0.927783 0.727986
0.614606 0.928292
0.267849 0.970464
0.473267 0.837986
0.357216 0.574557
0.657947 0.851512
0.924845 0.827839
0.615012 0.284004
0.438122 0.751581
0.661846 0.391700
0.568252 0.572289
0.324015 0.098840
0.062164 0.523002
0.479216 0.810686
0.128363 0.334971
0.376889 0.872999
0.624856 0.250085
0.423666 0.973648
0.049184 0.635350
0.477356 0.798657
0.573745 0.313001
0.275960 0.552807
0.144025 0.533271
0.543259 0.534040
0.963010 0.111562
0.258792 0.811267
0.521956 0.627782
0.557585 0.196756
0.705878 0.742781
0.733794 0.127149
0.401523 0.625347
0.862431 0.771267
0.466249 0.202911
0.624680 0.668173
0.878153 0.450116
0.024800 0.465627
0.380965 0.211608
0.820430 0.876850
0.961620 0.118902
0.653150 0.802668
0.054097 0.005887
0.062419 0.676440
0.450018 0.853525
0.793584 0.480764
0.514684 0.701516
0.069404 0.557829
0.456611 0.153177
0.784609 0.289360
0.079312 0.069519
0.904272 0.957480
0.655990 0.799469
0.699345 0.614389
0.310944 0.825426
0.836449 0.586623
0.565937 0.016804
0.754115 0.318768
0.515416 0.778942
0.203888 0.621829
0.431396 0.260753
0.312308 0.033093
0.466989 0.441683
0.028532 0.917130
0.526963 0.357065
0.362417 0.141723
0.304381 0.940634
0.389163 0.647842
0.944304 0.963990
0.599173 0.999381
0.788668 0.334993
0.805544 0.046247
0.180901 0.580558
0.486677 0.163454
0.364475 0.684053
0.137758 0.139287
0.096531 0.573470
0.932418 0.677123
0.715853 0.463769
0.754648 0.648429
0.053898 0.945269
0.451114 0.688496
0.758256 0.179690
0.975274 0.461856
0.309804 0.816431
0.947261 0.940905
0.258017 0.273881
0.037280 0.339143
0.973280 0.844048
0.495295 0.919496
0.520733 0.673521
0.096086 0.758572
0.097081 0.049744
0.746289 0.689301
0.839969 0.578814
0.008811 0.067237
0.718944 0.779495
0.840078 0.709929
0.647675 0.337870
0.906827 0.344109
0.919025 0.767998
0.951724 0.162035
0.557741 0.506230
0.810860 0.636203
0.209916 0.530249
0.851223 0.570725
0.744078 0.438669
0.792533 0.478014
0.825641 0.552993
0.105365 0.761058
0.344639 0.010944
0.436269 0.854364
0.726060 0.008685
0.800651 0.430792
0.832791 0.319142
0.605446 0.016840
0.383057 0.964641
0.916171 0.875534
0.547439 0.454291
0.766728 0.813949
0.664945 0.310016
0.725358 0.651456
0.823299 0.699874
0.376463 0.445178
0.385475 0.873273
0.855510 0.210721
0.412751 0.749917
0.083061 0.799086
0.333868 0.452803
0.883996 0.794795
0.140652 0.795303
0.749258 0.785605
0.852269 0.733347
0.600057 0.120771
0.983531 0.575962
0.548169 0.322697
0.277031 0.310871
0.311093 0.645895
0.014567 0.746608
0.637044 0.887527
0.810240 0.298570
0.822356 0.445426
0.905755 0.153658
0.162621 0.792302
0.637877 0.236629
0.968948 0.988996
0.928671 0.871011
0.601999 0.594941
0.361035 0.278423
0.829032 0.350628
0.645241 0.092329
0.692914 0.304724
0.056585 0.875797
0.997166 0.637558
0.729911 0.227479
0.457350 0.293088
0.533711 0.436088
0.546660 0.673032
0.614639 0.800799
0.072375 0.069706
0.602710 0.673542
0.559863 0.218221
0.898110 0.998833
0.592109 0.334029
0.422464 0.627789
0.355295 0.268421
0.710568 0.965205
0.774735 0.962430
0.242996 0.572020
0.790515 0.208683
0.475692 0.190269
0.518465 0.841113
0.109511 0.283536
0.269651 0.864037
0.760909 0.593217
0.660345 0.704945
0.344330 0.399317
0.334473 0.729473
0.157550 0.144276
0.141837 0.392361
0.873126 0.829269
0.967944 0.914810
0.382264 0.124666
0.795055 0.176502
0.711860 0.449806
0.989128 0.589642
0.041082 0.371971
0.253580 0.082748
0.180835 0.550421
0.168384 0.963493
0.747559 0.108575
0.741751 0.352788
0.662267 0.755906
0.941735 0.086349
0.536373 0.200830
0.746345 0.465399
0.967772 0.396874
0.853329 0.004713
0.763812 0.946597
0.824543 0.374079
0.632198 0.551244
0.104893 0.058360
0.936541 0.738832
0.052100 0.871690
0.700179 0.229333
0.841091 0.352916
0.160054 0.202861
0.865612 0.242285
0.821845 0.425231
0.049682 0.693453
0.148234 0.655006
0.302804 0.610246
0.724072 0.007096
0.205401 0.514225
0.985403 0.980222
0.894717 0.646915
0.373692 0.669037
0.036453 0.589724
0.082289 0.276388
0.713739 0.544859
0.399063 0.417237
0.042532 0.562202
0.017303 0.862923
0.331348 0.419936
0.586408 0.312975
0.643278 0.570810
0.204540 0.501378
0.689499 0.551303
0.517331 0.445195
0.086068 0.517523
0.579909 0.925652
0.139548 0.119545
0.663906 0.355292
0.492054 0.755002
0.746789 0.029507
0.152629 0.353057
0.507760 0.386761
0.669347 0.231544
0.272637 0.309016
0.455380 0.242850
0.499548 0.682366
0.572265 0.378281
0.077928 0.407615
0.594930 0.235937
0.925222 0.801488
0.535541 0.273789
0.108863 0.861416
0.187058 0.567448
0.995514 0.180308
0.662399 0.871251
0.735220 0.392425
0.351415 0.141632
0.725024 0.907485
0.995409 0.323339
0.564784 0.347332
0.087732 0.121915
0.417327 0.537971
0.349020 0.689977
0.615737 0.129529
0.596916 0.640146
0.822509 0.917639
0.932690 0.564121
0.038433 0.722007
0.800926 0.285208
0.283527 0.241366
0.143499 0.400736
0.827952 0.648785
0.565360 0.281145
0.437812 0.817229
0.157172 0.584111
0.218849 0.972545
0.378637 0.514957
0.290510 0.259482
0.196401 0.518670
0.703490 0.176108
0.491691 0.824218
0.725775 0.082950
0.605394 0.278443
0.865403 0.025415
0.772086 0.204683
0.772518 0.921516
0.109525 0.600344
0.469028 0.761679
0.776448 0.848032
0.191016 0.843345
0.889026 0.256419
0.497285 0.220350
0.795130 0.169906
0.196788 0.485505
0.345602 0.090213
0.078365 0.724555
0.873009 0.238402
0.388151 0.980643
0.690890 0.252427
0.493143 0.850670
0.060327 0.263168
0.193852 0.898369
0.735656 0.420995
0.704633 0.413684
0.397480 0.055267
0.407184 0.674003
0.508647 0.040770
0.100876 0.269998
0.387657 0.617960
0.623003 0.247352
0.584005 0.867948
0.392677 0.785331
0.961247 0.278566
0.644038 0.884159
0.246131 0.354398
0.857591 0.065383
0.185901 0.021555
0.172907 0.402883
0.870936 0.657057
0.371579 0.296904
0.226181 0.933029
0.356252 0.279481
0.152350 0.307540
0.919709 0.796838
0.306675 0.916749
0.997379 0.352827
0.053027 0.827123
0.527350 0.617191
0.682503 0.091865
0.503835 0.103436
0.608132 0.822256
0.803229 0.803277
0.871119 0.532503
0.886308 0.728155
0.961123 0.345762
0.535773 0.653005
0.649300 0.259365
0.375267 0.483456
0.260437 0.558881
0.034151 0.574858
0.569249 0.643499
0.471745 0.020015
0.295977 0.979307
0.155398 0.392225
0.997702 0.632403
0.498668 0.681210
0.004321 0.850386
0.209054 0.191735
0.931954 0.458597
0.969144 0.988208
0.221540 0.416619
0.180701 0.063258
0.096710 0.740852
0.338114 0.784290
0.312553 0.140638
0.965827 0.329218
0.075660 0.138198
0.953762 0.761074
0.555907 0.146801
0.555397 0.110894
0.481691 0.966898
0.275114 0.339293
0.412896 0.426571
0.364562 0.329334
0.419643 0.440516
0.672206 0.126781
0.059926 0.590826
0.145901 0.488575
0.745512 0.443264
0.375243 0.426320
0.813035 0.204263
0.178597 0.838796
0.876003 0.996756
0.389151 0.516021
0.323458 0.987056
0.674963 0.767071
0.152348 0.830344
0.439929 0.674870
0.673171 0.418912
0.595721 0.513384
0.012289 0.715194
0.269203 0.176117
0.749291 0.530687
0.315439 0.559553
0.474133 0.472235
0.843397 0.721150
0.526263 0.918730
0.829531 0.288722
0.686787 0.814171
0.293919 0.036525
0.134719 0.267084
0.444233 0.763083
0.549677 0.431681
0.654772 0.606785
0.845932 0.912733
0.140948 0.717471
0.656460 0.983985
0.713994 0.765754
0.350764 0.239027
0.056387 0.116505
0.066432 0.903921
0.545336 0.618936
0.962015 0.932446
0.769886 0.872920
0.657543 0.177695
0.536586 0.519689
0.619072 0.387871
0.339333 0.574744
0.064917 0.509449
0.980937 0.071828
0.823784 0.797504
0.277084 0.318991
0.458796 0.530828
0.547815 0.881313
0.886446 0.708600
0.907298 0.999508
0.665800 0.965669
0.199565 0.529676
0.110814 0.085169
0.796083 0.646644
0.387417 0.909996
0.370408 0.491846
0.797050 0.158796
0.195863 0.666399
0.519635 0.637464
0.474073 0.971027
0.191507 0.603748
0.695373 0.076693
0.827604 0.590412
0.056504 0.873285
0.762260 0.821510
0.516685 0.088433
0.479257 0.466674
0.160061 0.394501
0.429282 0.369918
0.150683 0.629022
0.191778 0.562321
0.715611 0.942347
0.628181 0.822041
0.272369 0.655960
0.994833 0.780471
0.028914 0.365939
0.336405 0.589960
0.127437 0.358215
0.864463 0.966335
0.677726 0.715824
0.440807 0.498621
0.831497 0.592994
0.731563 0.478650
0.385998 0.006962
0.075493 0.144892
0.273363 0.155589
0.618818 0.157665
0.691608 0.707345
0.808849 0.327005
0.563819 0.729948
0.910048 0.099817
0.474007 0.924932
0.808658 0.079519
0.221255 0.617627
0.005828 0.899274
0.658203 0.515534
0.364212 0.098972
0.535592 0.592778
0.869309 0.266490
0.661475 0.584320
0.394322 0.595379
0.801896 0.480831
0.216151 0.183927
0.399234 0.103590
0.820135 0.854722
0.365083 0.308528
0.352457 0.009107
0.916435 0.619481
0.931674 0.047602
0.667135 0.122965
0.914624 0.185148
0.960939 0.270257
0.126979 0.069192
0.738219 0.827289
0.015027 0.468932
0.065242 0.588836
0.652796 0.445672
0.823122 0.630721
0.547418 0.837083
0.952970 0.812215
0.225678 0.592270
0.084406 0.960553
0.655970 0.479877
0.336546 0.670455
0.662438 0.958097
0.573695 0.933775
0.621857 0.543276
0.422445 0.877865
0.898842 0.842914
0.912491 0.735987
0.671288 0.529221
0.690427 0.799057
0.025450 0.920985
0.373930 0.505261
0.458887 0.514342
0.763164 0.012527
0.219520 0.757187
0.306888 0.568599
0.230341 0.597248
0.432679 0.744404
0.701870 0.850521
0.093838 0.128648
0.918208 0.234551
0.159969 0.395045
0.097615 0.990186
0.083861 0.748325
0.674801 0.375775
0.614260 0.631110
0.829673 0.959364
0.192230 0.231018
0.596054 0.557317
0.068268 0.765793
0.423960 0.871887
0.107958 0.744006
0.640265 0.365600
0.715889 0.399850
0.855169 0.676930
0.300727 0.282761
0.995638 0.929595
0.228718 0.546092
0.312046 0.616890
0.268603 0.823789
0.400521 0.352848
0.117805 0.709984
0.011063 0.673603
0.717933 0.763665
0.170246 0.245183
0.717055 0.649031
0.937407 0.288072
0.616849 0.491917
0.934479 0.764229
0.854678 0.783576
0.642169 0.888835
0.313764 0.195418
0.338990 0.826929
0.529089 0.481696
0.474666 0.014151
0.162282 0.241938
0.215745 0.401195
0.155681 0.690828
0.878779 0.063159
0.343927 0.740517
0.975221 0.037846
0.200851 0.638801
0.632229 0.961147
0.830081 0.126315
0.224865 0.053013
0.269715 0.576914
0.157690 0.274113
0.674565 0.867584
0.867589 0.021134
0.963894 0.787731
0.284644 0.557757
0.078238 0.642441
0.184215 0.488734
0.075792 0.330230
0.090889 0.976062
0.917050 0.583078
0.653770 0.069105
0.935759 0.244989
0.702607 0.474632
0.674931 0.435066
0.515551 0.328077
0.978569 0.192036
0.181889 0.043928
0.972937 0.729429
0.326843 0.121017
0.845586 0.744046
0.880634 0.857565
0.136055 0.315120
0.020220 0.291213
0.589051 0.807516
0.889725 0.320833
0.489072 0.849568
0.214322 0.889814
0.794888 0.894602
0.462383 0.314579
0.322911 0.094954
0.782015 0.327458
0.690432 0.218241
0.540610 0.169637
0.722856 0.117865
0.929848 0.117772
0.553484 0.833251
0.763631 0.156925
0.700045 0.739982
0.292700 0.122873
0.989109 0.296032
0.587235 0.528396
0.317667 0.837474
0.797538 0.461050
0.890577 0.565552
0.392915 0.393985
0.753248 0.336725
0.300181 0.486766
0.150844 0.118244
0.715739 0.969710
0.488440 0.004084
0.248985 0.503148
0.441003 0.499508
0.969820 0.982084
0.067717 0.377267
0.879342 0.117109
0.622082 0.784436
0.300329 0.263994
0.117394 0.436080
0.692920 0.397274
0.606623 0.670448
0.440929 0.827205
0.566358 0.860118
0.225527 0.244850
0.736426 0.174468
0.705554 0.946641
0.259929 0.971100
0.357525 0.637611
0.992879 0.157320
0.493428 0.041608
0.408260 0.707479
0.670687 0.657140
0.606272 0.147986
0.936239 0.389101
0.560668 0.229011
0.605409 0.459497
0.880506 0.190385
0.566366 0.954366
0.047319 0.998914
0.422181 0.599462
0.299598 0.685329
0.135074 0.873862
0.079661 0.441284
0.221230 0.368508
0.232396 0.450320
0.959574 0.375792
0.951016 0.521430
0.524228 0.056668
0.801903 0.469830
0.427862 0.173338
0.028742 0.846773
0.171986 0.298444
0.735620 0.058730
0.540238 0.615784
0.479356 0.135966
0.542026 0.912920
0.263313 0.411529
0.616416 0.132660
0.918046 0.153907
0.339952 0.898231
0.378610 0.760060
0.547126 0.756073
0.423959 0.460279
0.468514 0.490543
0.030837 0.612294
0.219120 0.756383
0.612680 0.569286
0.728277 0.447716
0.063493 0.794917
0.992478 0.676375
0.707310 0.368245
0.353801 0.967775
0.965779 0.272342
0.359141 0.299087
0.799547 0.892678
0.639238 0.902381
0.753580 0.964799
0.161546 0.334450
0.742167 0.805566
0.157248 0.175430
0.546309 0.038173
0.000303 0.859892
0.364334 0.178430
0.325150 0.566955
0.656018 0.388229
0.709792 0.800070
0.951119 0.421875
0.322203 0.272470
0.255188 0.291904
0.030609 0.980877
0.178651 0.463280
0.611931 0.897934
0.939591 0.448294
0.857745 0.542890
0.946305 0.519258
0.573395 0.800470
0.752650 0.882017
0.693427 0.749406
0.797324 0.060578
0.995321 0.935010
0.487680 0.431593
0.183509 0.474229
0.869291 0.817174
0.436985 0.617008
0.334440 0.795504
0.866329 0.904359
0.565851 0.920913
0.709767 0.861402
0.186382 0.358588
0.512934 0.242749
0.391096 0.533784
0.983275 0.207945
0.175012 0.271424
0.687584 0.446270
0.638009 0.559143
0.269951 0.193098
0.247779 0.505365
0.407435 0.284055
0.872383 0.283691
0.292064 0.878618
0.855874 0.855868
0.030312 0.251372
0.403619 0.047833
0.984984 0.096999
0.068372 0.116797
0.749476 0.124182
0.183801 0.292075
0.140672 0.323941
0.679100 0.898325
0.324291 0.189544
0.826468 0.577106
0.945252 0.337972
0.122660 0.811120
0.925702 0.437009
0.686480 0.425247
0.414614 0.077411
0.265989 0.989455
0.225421 0.246175
0.192384 0.080888
0.981919 0.354806
0.391887 0.175905
0.107736 0.355559
0.872692 0.537601
0.740932 0.339015
0.940891 0.840275
0.632845 0.147920
0.767473 0.429566
0.099086 0.965080
0.827936 0.055444
0.130622 0.537222
0.166663 0.634974
0.844178 0.682053
0.400175 0.102741
0.553724 0.992370
0.866508 0.689057
0.878608 0.198931
0.352386 0.029545
0.468935 0.482876
0.385535 0.354414
0.125065 0.138856
0.166367 0.631744
0.315672 0.381631
0.831471 0.946272
0.357566 0.761733
0.890720 0.583720
0.810538 0.609913
0.360497 0.260354
0.961761 0.165423
0.327437 0.688509
0.626844 0.559804
0.420263 0.200995
0.878393 0.625678
0.941691 0.470795
0.728000 0.579175
0.218060 0.457186
0.233847 0.984952
0.061240 0.585401
0.983680 0.054372
0.105555 0.824165
0.411661 0.250268
0.181846 0.763917
0.947672 0.375796
0.821498 0.018255
0.568933 0.810282
0.445122 0.272138
0.926311 0.321495
0.783807 0.082565
0.851519 0.931708
0.605206 0.100965
0.716414 0.643951
0.872438 0.731244
0.811921 0.445249
0.050675 0.363409
0.641611 0.895210
0.394441 0.229916
0.783792 0.781210
0.698099 0.620379
0.765983 0.775504
0.172614 0.659975
0.216936 0.764932
0.823648 0.107895
0.413916 0.540537
0.949163 0.664380
0.226735 0.832203
0.149151 0.088383
0.375072 0.252572
0.545764 0.022614
0.861900 0.574821
0.749020 0.798709
0.423390 0.910495
0.471449 0.652466
0.844440 0.776442
0.594438 0.717618
0.029013 0.743992
0.919702 0.886279
0.785778 0.348883
0.801226 0.125221
0.392058 0.207018
0.346190 0.119343
0.132902 0.829033
0.897786 0.177187
0.177128 0.455690
0.068527 0.178059
0.348465 0.346532
0.679535 0.966312
0.577480 0.345782
0.579477 0.005563
0.078742 0.222360
0.466229 0.294098
0.587742 0.234961
0.515003 0.512436
0.313341 0.608516
0.828591 0.125018
0.614099 0.124935
0.468565 0.690184
0.790586 0.828917
0.100634 0.946116
0.800849 0.928655
0.093087 0.335116
0.152472 0.331697
0.244110 0.504588
0.702230 0.897738
0.181975 0.980304
0.603097 0.413046
0.881465 0.646025
0.178437 0.495266
0.670617 0.883261
0.074479 0.122748
0.563726 0.225945
0.644716 0.249106
0.749759 0.167001
0.153667 0.011586
0.589716 0.317293
0.052466 0.370930
0.532156 0.462136
0.275049 0.630751
0.943002 0.186554
0.231231 0.176061
0.963925 0.647674
0.931763 0.943425
0.162995 0.761140
0.470505 0.589330
0.921986 0.538153
0.910119 0.058698
0.216590 0.560700
0.470249 0.272085
0.689009 0.614797
0.800934 0.947954
0.686767 0.315020
0.039025 0.155505
0.247270 0.148325
0.291699 0.053908
0.844554 0.741163
0.168662 0.415388
0.082816 0.311079
0.993464 0.952435
0.420751 0.202503
0.364346 0.173563
0.441361 0.126132
0.806365 0.477344
0.143842 0.222313
0.359056 0.461074
0.227301 0.351023
0.077693 0.968272
0.360473 0.074565
0.591241 0.228309
0.987269 0.643781
0.056402 0.551832
0.304923 0.924594
0.074647 0.437217
0.669623 0.608896
0.397985 0.616186
0.833975 0.242285
0.539201 0.520770
0.101287 0.570883
0.723600 0.889195
0.693571 0.460433
0.971864 0.744842
0.373342 0.173110
0.487362 0.780300
0.633687 0.100948
0.936346 0.257630
0.576771 0.149532
0.655716 0.896291
0.937812 0.841540
0.300602 0.861814
0.579780 0.867000
0.952781 0.891128
0.183444 0.245556
0.251006 0.794571
0.788076 0.485790
0.675584 0.059952
0.300021 0.127621
0.722118 0.050633
0.079536 0.836015
0.333080 0.337468
0.240667 0.777737
0.620943 0.033521
0.354649 0.357578
0.612881 0.610833
0.834186 0.516498
0.474591 0.570131
0.394157 0.701313
0.429572 0.507211
0.633698 0.304075
0.380243 0.573809
0.965282 0.838978
0.058557 0.066169
0.828316 0.375633
0.386335 0.891084
0.367965 0.779759
0.609301 0.957041
0.534292 0.125830
0.683856 0.117220
0.862510 0.240930
0.341914 0.151438
0.032011 0.715057
0.236673 0.415720
0.670040 0.870336
0.580949 0.211054
0.765265 0.120077
0.729792 0.626968
0.487180 0.868350
0.230343 0.600923
0.169190 0.601713
0.964457 0.201140
0.706362 0.106960
0.143401 0.688280
0.643296 0.812247
0.078983 0.740561
0.783167 0.093644
0.851719 0.337192
0.235971 0.015190
0.224257 0.186645
0.442105 0.377694
0.406972 0.259106
0.856889 0.140067
0.572783 0.936587
0.662244 0.246630
0.339450 0.529474
0.083710 0.644882
0.790197 0.424964
0.634090 0.810380
0.987277 0.930612
0.879489 0.408920
0.348147 0.955390
0.129120 0.820868
0.700184 0.030947
0.787197 0.128537
0.307452 0.817396
0.973393 0.824669
0.671774 0.160809
0.417756 0.938600
0.450445 0.973672
0.566620 0.496396
0.404170 0.694929
0.298004 0.232225
0.891397 0.852852
0.638114 0.250460
0.058949 0.301787
0.394990 0.901481
0.543947 0.032978
0.681031 0.478874
0.198280 0.069982
0.882997 0.471702
0.074419 0.850806
0.756291 0.012745
0.670164 0.671765
0.969721 0.852082
0.219959 0.222112
0.607602 0.655125
0.641682 0.973909
0.847991 0.675185
0.600377 0.208152
0.278983 0.882859
0.034162 0.756049
0.089447 0.448051
0.402612 0.113436
0.676199 0.065100
0.864170 0.446672
0.046578 0.987535
0.566723 0.149964
0.763503 0.796141
0.244225 0.036898
0.079533 0.862547
0.352312 0.953092
0.337114 0.190228
0.047154 0.582209
0.674099 0.815843
0.414283 0.484171
0.566805 0.235994
0.487988 0.952294
0.767267 0.388029
0.766848 0.105125
0.747038 0.558191
0.127303 0.739152
0.846777 0.216425
0.264684 0.860126
0.949033 0.184357
0.049916 0.483619
0.641065 0.731455
0.480146 0.249508
0.515182 0.164091
0.222844 0.630465
0.466002 0.223217
0.105445 0.031094
0.587221 0.138579
0.286426 0.872238
0.544843 0.500882
0.258693 0.834078
0.109556 0.208034
0.282519 0.791976
0.867782 0.617588
0.322726 0.620633
0.999154 0.694706
0.073676 0.964989
0.407536 0.383477
0.195608 0.280379
0.423410 0.649114
0.457200 0.929820
0.757339 0.639545
0.081724 0.892895
0.377383 0.197164
0.228003 0.688579
0.507779 0.514933
0.202370 0.443407
0.001825 0.075801
0.694153 0.646787
0.928865 0.140356
0.054735 0.026823
0.333393 0.954858
0.399024 0.152885
0.773741 0.540286
0.098206 0.825264
0.428461 0.392747
0.053966 0.047581
0.270442 0.676574
0.996866 0.394255
0.051933 0.523672
0.935381 0.883164
0.618116 0.866149
0.797132 0.042719
0.372465 0.823984
0.250130 0.722976
0.554103 0.045467
0.669405 0.341945
0.355500 0.555377
0.223161 0.681164
0.808275 0.604343
0.092655 0.048674
0.795530 0.732537
0.911278 0.612889
0.511065 0.761854
0.610850 0.977472
0.178977 0.712943
0.996952 0.615148
0.871563 0.706935
0.540123 0.607533
0.819115 0.756439
0.066075 0.248351
0.692107 0.976351
0.255591 0.459074
0.954430 0.152260
0.123571 0.638822
0.535764 0.792689
0.936736 0.524485
0.751820 0.761156
0.350770 0.872384
0.613110 0.335021
0.900245 0.289376
0.406060 0.070267
0.358441 0.339164
0.704716 0.164915
0.899219 0.128688
0.776914 0.108418
0.439405 0.939796
0.685749 0.280425
0.017660 0.113026
0.255315 0.819479
0.574624 0.313166
0.469085 0.520732
0.039140 0.510357
0.800022 0.741450
0.196673 0.495863
0.433350 0.294090
0.418558 0.518244
0.336148 0.088930
0.964511 0.673481
0.652292 0.851729
0.235890 0.011764
0.956971 0.586618
0.053440 0.933939
0.491889 0.580375
0.760846 0.342268
0.620444 0.651515
0.714174 0.182972
0.391599 0.036040
0.507323 0.472141
0.281788 0.771472
0.104918 0.631950
0.896161 0.691744
0.906584 0.980715
0.653597 0.177745
0.650362 0.518174
0.254351 0.621818
0.978044 0.726491
0.034852 0.159209
0.431498 0.967815
0.151098 0.595450
0.626597 0.200838
0.900241 0.615900
0.360166 0.161653
0.389373 0.302124
0.445359 0.858301
0.191210 0.699524
0.142236 0.213756
0.588245 0.681620
0.152761 0.958701
0.500139 0.638597
0.283331 0.423282
0.213524 0.581213
0.042881 0.706166
0.589045 0.095882
0.640998 0.809529
0.507390 0.212749
0.077929 0.720252
0.934234 0.655757
0.277232 0.090418
0.133408 0.132232
0.501789 0.124319
0.238296 0.289192
0.615260 0.514547
0.603356 0.714600
0.103523 0.786305
0.100848 0.893981
0.154497 0.206979
0.802240 0.346324
0.509746 0.497064
0.289444 0.257884
0.247564 0.938921
0.177942 0.808510
0.134778 0.121426
0.302041 0.042337
0.693297 0.481442
0.411868 0.573136
0.667473 0.007118
0.162444 0.634393
0.149630 0.953402
0.637029 0.985102
0.223645 0.186731
0.640126 0.964540
0.620281 0.823732
0.519952 0.552733
0.542978 0.157857
0.335824 0.638056
0.519125 0.478229
0.772829 0.819402
0.859348 0.276583
0.324340 0.977558
0.066177 0.511027
0.912302 0.538921
0.323443 0.049471
0.295925 0.824405
0.019088 0.150885
0.331306 0.127366
0.106600 0.859201
0.387672 0.196603
0.994046 0.482467
0.000364 0.613976
0.564764 0.909022
0.146316 0.150875
0.880014 0.372756
0.364741 0.563809
0.091469 0.421171
0.313848 0.446547
0.100186 0.262766
0.253873 0.694775
0.538752 0.374413
0.377351 0.858913
0.724586 0.234703
0.869461 0.161743
0.334909 0.315867
0.074466 0.239728
0.687702 0.014735
0.168655 0.730339
0.677988 0.032259
0.295886 0.672492
0.615074 0.821530
0.208718 0.313122
0.433941 0.115776
0.076297 0.320176
0.012729 0.220707
0.269586 0.590777
0.618330 0.709663
0.615158 0.813042
0.823382 0.395371
0.820729 0.690988
0.590493 0.968728
0.518737 0.274235
0.603305 0.492874
0.648711 0.147642
0.339085 0.019905
0.704810 0.330771